88450   63363
58674   73195
30431   97265
79176   36224
51071   64526
78115   34829
26281   65342
99747   75563
81068   41201
81760   39590
91539   66113
51799   96883
69353   19440
64094   96883
27283   88579
52983   37831
36638   37255
68035   36007
26604   96883
43449   69865
90472   75289
20731   35412
31769   42457
37135   22483
64018   44347
49545   45637
87888   11937
89770   85917
39164   26074
34963   57264
69433   87585
89828   75289
51940   30644
76011   76423
86044   69863
42178   81634
58537   84529
68039   39015
91534   80235
95383   26816
72575   20171
63014   53853
32766   84529
21621   89301
65716   94131
74270   26729
73720   99746
22637   82429
96044   16327
93882   19601
49123   36007
59778   64129
62853   55358
72347   80203
48833   47045
64129   62494
21955   96883
92027   12818
38750   29622
16496   92138
68900   26494
13007   75255
15450   75255
82750   57264
35089   36007
60190   26729
92533   72231
95863   46766
28192   34386
36229   31291
84353   84529
85760   94567
68643   63363
47794   81334
26171   63475
14558   25238
73997   72059
56966   79382
26572   86541
15302   89301
25557   89301
52311   84529
83219   10771
47897   38681
51489   33757
10737   70282
14395   57593
75289   33474
50622   53826
33690   96463
88570   36007
88810   37995
76440   71407
96318   30287
17056   63363
90971   75246
26526   85772
64411   41201
41386   10166
16374   92034
69742   91071
71716   23782
52237   32193
63724   35412
29598   55182
58958   55182
70562   56476
99313   47299
99705   70328
38730   36007
93620   29617
64261   33757
37597   26576
86139   77794
81816   20568
25422   63744
41188   26729
91310   94596
42798   61799
12672   96315
51173   45929
23901   79382
86756   95419
72786   33757
21624   90149
